now, expect, last_fin, now-expect, now-last_fin
8492693113915447, 8492693113738778, 8492693103738853, 176669, 10176594
8492693123892205, 8492693123738778, 8492693113928873, 153427, 9963332
8492693133938825, 8492693133738778, 8492693123906508, 200047, 10032317
8492693143898098, 8492693143738778, 8492693133956563, 159320, 9941535
8492693153946124, 8492693153738778, 8492693143912683, 207346, 10033441
8492693163938796, 8492693163738778, 8492693153966327, 200018, 9972469
8492693173939793, 8492693173738778, 8492693163961993, 201015, 9977800
8492693183943988, 8492693183738778, 8492693173963310, 205210, 9980678
8492693193941537, 8492693193738778, 8492693183967702, 202759, 9973835
8492693203943999, 8492693203738778, 8492693193965381, 205221, 9978618
8492693213947826, 8492693213738778, 8492693203968370, 209048, 9979456
8492693223946201, 8492693223738778, 8492693213972067, 207423, 9974134
8492693233945721, 8492693233738778, 8492693223970568, 206943, 9975153
8492693243949142, 8492693243738778, 8492693233970159, 210364, 9978983
8492693253949400, 8492693253738778, 8492693243973569, 210622, 9975831
8492693263946716, 8492693263738778, 8492693253973874, 207938, 9972842
8492693273948424, 8492693273738778, 8492693263971077, 209646, 9977347
8492693283947195, 8492693283738778, 8492693273972865, 208417, 9974330
8492693293946681, 8492693293738778, 8492693283971699, 207903, 9974982
8492693303947106, 8492693303738778, 8492693293971005, 208328, 9976101
8492693313949527, 8492693313738778, 8492693303971533, 210749, 9977994
8492693323949024, 8492693323738778, 8492693313973955, 210246, 9975069
8492693333950005, 8492693333738778, 8492693323973349, 211227, 9976656
8492693343948389, 8492693343738778, 8492693333974333, 209611, 9974056
8492693353951934, 8492693353738778, 8492693343972816, 213156, 9979118
8492693363950607, 8492693363738778, 8492693353976448, 211829, 9974159
8492693373950182, 8492693373738778, 8492693363974978, 211404, 9975204
8492693383952275, 8492693383738778, 8492693373974663, 213497, 9977612
8492693393949089, 8492693393738778, 8492693383976802, 210311, 9972287
8492693403950021, 8492693403738778, 8492693393973597, 211243, 9976424
8492693413953641, 8492693413738778, 8492693403974455, 214863, 9979186
8492693423949728, 8492693423738778, 8492693413977956, 210950, 9971772
8492693433952760, 8492693433738778, 8492693423973946, 213982, 9978814
8492693443954572, 8492693443738778, 8492693433977307, 215794, 9977265
8492693453952560, 8492693453738778, 8492693443978967, 213782, 9973593
8492693463953208, 8492693463738778, 8492693453976871, 214430, 9976337
8492693473955386, 8492693473738778, 8492693463977652, 216608, 9977734
8492693483956802, 8492693483738778, 8492693473979837, 218024, 9976965
8492693493952684, 8492693493738778, 8492693483981096, 213906, 9971588
8492693503951797, 8492693503738778, 8492693493976978, 213019, 9974819
8492693513953452, 8492693513738778, 8492693503976178, 214674, 9977274
8492693523958133, 8492693523738778, 8492693513977659, 219355, 9980474
8492693533956761, 8492693533738778, 8492693523982517, 217983, 9974244
8492693543956654, 8492693543738778, 8492693533981025, 217876, 9975629
8492693553957328, 8492693553738778, 8492693543981148, 218550, 9976180
8492693563956150, 8492693563738778, 8492693553981649, 217372, 9974501
8492693573955929, 8492693573738778, 8492693563980720, 217151, 9975209
8492693583957557, 8492693583738778, 8492693573980173, 218779, 9977384
8492693593955968, 8492693593738778, 8492693583981834, 217190, 9974134
8492693603956182, 8492693603738778, 8492693593980382, 217404, 9975800
8492693613957926, 8492693613738778, 8492693603980630, 219148, 9977296
8492693623957230, 8492693623738778, 8492693613982450, 218452, 9974780
8492693633959111, 8492693633738778, 8492693623981644, 220333, 9977467
8492693643960141, 8492693643738778, 8492693633983472, 221363, 9976669
8492693653959465, 8492693653738778, 8492693643984548, 220687, 9974917
8492693663959640, 8492693663738778, 8492693653983899, 220862, 9975741
8492693673958946, 8492693673738778, 8492693663984044, 220168, 9974902
8492693683959744, 8492693683738778, 8492693673983427, 220966, 9976317
8492693693961092, 8492693693738778, 8492693683999672, 222314, 9961420
8492693703960140, 8492693703738778, 8492693693985750, 221362, 9974390
8492693713963076, 8492693713738778, 8492693703984694, 224298, 9978382
8492693723961938, 8492693723738778, 8492693713987620, 223160, 9974318
8492693733965532, 8492693733738778, 8492693723986485, 226754, 9979047
8492693743960755, 8492693743738778, 8492693733990070, 221977, 9970685
8492693753962020, 8492693753738778, 8492693743985402, 223242, 9976618
8492693763961544, 8492693763738778, 8492693753986590, 222766, 9974954
8492693773962600, 8492693773738778, 8492693763986135, 223822, 9976465
8492693783961245, 8492693783738778, 8492693773987151, 222467, 9974094
8492693793962203, 8492693793738778, 8492693783985796, 223425, 9976407
8492693803963398, 8492693803738778, 8492693793986767, 224620, 9976631
8492693813965564, 8492693813738778, 8492693803987802, 226786, 9977762
8492693823966275, 8492693823738778, 8492693813990101, 227497, 9976174
8492693833963427, 8492693833738778, 8492693823990766, 224649, 9972661
8492693843965786, 8492693843738778, 8492693833987997, 227008, 9977789
8492693853964307, 8492693853738778, 8492693843990190, 225529, 9974117
8492693863965238, 8492693863738778, 8492693853988864, 226460, 9976374
8492693873965731, 8492693873738778, 8492693863989746, 226953, 9975985
8492693883966673, 8492693883738778, 8492693873990395, 227895, 9976278
8492693893968857, 8492693893738778, 8492693883991363, 230079, 9977494
8492693903965507, 8492693903738778, 8492693893993558, 226729, 9971949
8492693913967392, 8492693913738778, 8492693903990084, 228614, 9977308
8492693923966299, 8492693923738778, 8492693913991809, 227521, 9974490
8492693933968332, 8492693933738778, 8492693923990954, 229554, 9977378
8492693943968894, 8492693943738778, 8492693933992923, 230116, 9975971
8492693953967238, 8492693953738778, 8492693943993371, 228460, 9973867
8492693963968304, 8492693963738778, 8492693953991792, 229526, 9976512
8492693973969869, 8492693973738778, 8492693963992872, 231091, 9976997
8492693983969197, 8492693983738778, 8492693973994400, 230419, 9974797
8492693993969608, 8492693993738778, 8492693983993701, 230830, 9975907
8492694003969491, 8492694003738778, 8492693993994065, 230713, 9975426
8492694013970569, 8492694013738778, 8492694003994088, 231791, 9976481
8492694023974464, 8492694023738778, 8492694013995130, 235686, 9979334
8492694033986084, 8492694033738778, 8492694024033212, 247306, 9952872
8492694043997372, 8492694043738778, 8492694034013812, 258594, 9983560
8492694053976482, 8492694053738778, 8492694044041827, 237704, 9934655
8492694063968070, 8492694063738778, 8492694054002576, 229292, 9965494
8492694073970224, 8492694073738778, 8492694063992644, 231446, 9977580
8492694083969408, 8492694083738778, 8492694073994761, 230630, 9974647
8492694093972969, 8492694093738778, 8492694083993841, 234191, 9979128
8492694103971769, 8492694103738778, 8492694093997499, 232991, 9974270
8492694113972373, 8492694113738778, 8492694103996223, 233595, 9976150
8492694123972244, 8492694123738778, 8492694113996804, 233466, 9975440
8492694133971581, 8492694133738778, 8492694123996878, 232803, 9974703
8492694143973239, 8492694143738778, 8492694133996109, 234461, 9977130
8492694153972996, 8492694153738778, 8492694143998306, 234218, 9974690
8492694163975624, 8492694163738778, 8492694153997877, 236846, 9977747
8492694173971201, 8492694173738778, 8492694164027942, 232423, 9943259
8492694183974395, 8492694183738778, 8492694173995552, 235617, 9978843
8492694193974796, 8492694193738778, 8492694183999343, 236018, 9975453
8492694203974287, 8492694203738778, 8492694193999504, 235509, 9974783
8492694213976154, 8492694213738778, 8492694203998394, 237376, 9977760
8492694223970088, 8492694223738778, 8492694214000181, 231310, 9969907
8492694233971469, 8492694233738778, 8492694223993289, 232691, 9978180
8492694243969763, 8492694243738778, 8492694233994793, 230985, 9974970
8492694253973750, 8492694253738778, 8492694243993293, 234972, 9980457
8492694263976935, 8492694263738778, 8492694253997774, 238157, 9979161
8492694273977454, 8492694273738778, 8492694264030050, 238676, 9947404
8492694283975792, 8492694283738778, 8492694274017452, 237014, 9958340
8492694293980350, 8492694293738778, 8492694284028904, 241572, 9951446
8492694303978550, 8492694303738778, 8492694294005034, 239772, 9973516
8492694313978344, 8492694313738778, 8492694304033138, 239566, 9945206
8492694323979992, 8492694323738778, 8492694314002855, 241214, 9977137
8492694333986617, 8492694333738778, 8492694324032547, 247839, 9954070
8492694343980950, 8492694343738778, 8492694334013615, 242172, 9967335
8492694353982315, 8492694353738778, 8492694344034975, 243537, 9947340
8492694363982702, 8492694363738778, 8492694354007152, 243924, 9975550
8492694373980819, 8492694373738778, 8492694364043927, 242041, 9936892
8492694383981177, 8492694383738778, 8492694374005863, 242399, 9975314
8492694393981864, 8492694393738778, 8492694384034565, 243086, 9947299
8492694403983812, 8492694403738778, 8492694394006735, 245034, 9977077
8492694413985799, 8492694413738778, 8492694404045147, 247021, 9940652
8492694423984360, 8492694423738778, 8492694414010749, 245582, 9973611
8492694433984011, 8492694433738778, 8492694424039918, 245233, 9944093
8492694443985237, 8492694443738778, 8492694434008692, 246459, 9976545
8492694453983842, 8492694453738778, 8492694444038139, 245064, 9945703
8492694463984980, 8492694463738778, 8492694454008673, 246202, 9976307
8492694473985883, 8492694473738778, 8492694464040251, 247105, 9945632
8492694483985537, 8492694483738778, 8492694474010813, 246759, 9974724
8492694493985485, 8492694493738778, 8492694484038699, 246707, 9946786
8492694503986388, 8492694503738778, 8492694494010369, 247610, 9976019
8492694513985703, 8492694513738778, 8492694504039523, 246925, 9946180
8492694523986244, 8492694523738778, 8492694514010447, 247466, 9975797
8492694533987840, 8492694533738778, 8492694524039149, 249062, 9948691
8492694543985631, 8492694543738778, 8492694534012621, 246853, 9973010
8492694553986629, 8492694553738778, 8492694544038563, 247851, 9948066
8492694563989117, 8492694563738778, 8492694554011387, 250339, 9977730
8492694573988087, 8492694573738778, 8492694564042079, 249309, 9946008
8492694583987935, 8492694583738778, 8492694574012887, 249157, 9975048
8492694593989046, 8492694593738778, 8492694584040456, 250268, 9948590
8492694603990222, 8492694603738778, 8492694594013934, 251444, 9976288
8492694613989270, 8492694613738778, 8492694604044610, 250492, 9944660
8492694623990248, 8492694623738778, 8492694614014014, 251470, 9976234
8492694633989128, 8492694633738778, 8492694624044047, 250350, 9945081
8492694643988159, 8492694643738778, 8492694634013922, 249381, 9974237
8492694653988510, 8492694653738778, 8492694644040384, 249732, 9948126
8492694663991965, 8492694663738778, 8492694654013331, 253187, 9978634
8492694673988708, 8492694673738778, 8492694664043430, 249930, 9945278
8492694683990266, 8492694683738778, 8492694674013595, 251488, 9976671
8492694693991463, 8492694693738778, 8492694684043797, 252685, 9947666
8492694703984047, 8492694703738778, 8492694694016434, 245269, 9967613
8492694713990464, 8492694713738778, 8492694704050609, 251686, 9939855
8492694723992116, 8492694723738778, 8492694714015382, 253338, 9976734
8492694733991472, 8492694733738778, 8492694724044611, 252694, 9946861
8492694743992760, 8492694743738778, 8492694734016349, 253982, 9976411
8492694753990861, 8492694753738778, 8492694744044845, 252083, 9946016
8492694763993220, 8492694763738778, 8492694754015658, 254442, 9977562
8492694773992465, 8492694773738778, 8492694764053509, 253687, 9938956
8492694783993103, 8492694783738778, 8492694774017329, 254325, 9975774
8492694793995014, 8492694793738778, 8492694784064195, 256236, 9930819
8492694803992337, 8492694803738778, 8492694794020018, 253559, 9972319
8492694813994125, 8492694813738778, 8492694804044945, 255347, 9949180
8492694823993609, 8492694823738778, 8492694814018975, 254831, 9974634
8492694833996361, 8492694833738778, 8492694824046784, 257583, 9949577
8492694843994443, 8492694843738778, 8492694834021128, 255665, 9973315
8492694853998822, 8492694853738778, 8492694844047838, 260044, 9950984
8492694863994239, 8492694863738778, 8492694854036746, 255461, 9957493
8492694873995463, 8492694873738778, 8492694864047514, 256685, 9947949
8492694883997507, 8492694883738778, 8492694874020200, 258729, 9977307
8492694893995924, 8492694893738778, 8492694884053172, 257146, 9942752
8492694903996669, 8492694903738778, 8492694894020845, 257891, 9975824
8492694913998219, 8492694913738778, 8492694904050087, 259441, 9948132
8492694923996550, 8492694923738778, 8492694914023037, 257772, 9973513
8492694933998727, 8492694933738778, 8492694924050059, 259949, 9948668
8492694943998874, 8492694943738778, 8492694934023514, 260096, 9975360
8492694954000559, 8492694953738778, 8492694944052020, 261781, 9948539
8492694963998376, 8492694963738778, 8492694954025383, 259598, 9972993
8492694973995877, 8492694973738778, 8492694964055294, 257099, 9940583
8492694983999889, 8492694983738778, 8492694974020731, 261111, 9979158
8492694994002076, 8492694993738778, 8492694984053394, 263298, 9948682
8492695004028816, 8492695003738778, 8492694994026837, 290038, 10001979
8492695013999597, 8492695013738778, 8492695004053317, 260819, 9946280
8492695024053986, 8492695023738778, 8492695014024481, 315208, 10029505
8492695034011702, 8492695033738778, 8492695024090717, 272924, 9920985
8492695044037613, 8492695043738778, 8492695034038843, 298835, 9998770
8492695053977982, 8492695053738778, 8492695044066768, 239204, 9911214
8492695063973069, 8492695063738778, 8492695054006233, 234291, 9966836
8492695073997098, 8492695073738778, 8492695063999782, 258320, 9997316
8492695084165728, 8492695083738778, 8492695074021835, 426950, 10143893
8492695093997792, 8492695093738778, 8492695084187308, 259014, 9810484
8492695103997656, 8492695103738778, 8492695094022886, 258878, 9974770
8492695113997804, 8492695113738778, 8492695104041178, 259026, 9956626
8492695123999432, 8492695123738778, 8492695114022382, 260654, 9977050
8492695134002312, 8492695133738778, 8492695124059837, 263534, 9942475
8492695144034030, 8492695143738778, 8492695134026983, 295252, 10007047
8492695154003607, 8492695153738778, 8492695144063818, 264829, 9939789
8492695164033786, 8492695163738778, 8492695154028135, 295008, 10005651
8492695174005829, 8492695173738778, 8492695164058073, 267051, 9947756
8492695184033746, 8492695183738778, 8492695174030487, 294968, 10003259
8492695194007233, 8492695193738778, 8492695184058150, 268455, 9949083
8492695204035272, 8492695203738778, 8492695194034038, 296494, 10001234
8492695214008805, 8492695213738778, 8492695204059613, 270027, 9949192
8492695224040541, 8492695223738778, 8492695214033602, 301763, 10006939
8492695234007237, 8492695233738778, 8492695224065098, 268459, 9942139
8492695244051165, 8492695243738778, 8492695234032491, 312387, 10018674
8492695254005828, 8492695253738778, 8492695244075789, 267050, 9930039
8492695264046099, 8492695263738778, 8492695254030732, 307321, 10015367
8492695274004743, 8492695273738778, 8492695264070137, 265965, 9934606
8492695284044368, 8492695283738778, 8492695274028737, 305590, 10015631
8492695294003131, 8492695293738778, 8492695284067935, 264353, 9935196
8492695304027949, 8492695303738778, 8492695294026595, 289171, 10001354
8492695313999939, 8492695313738778, 8492695304050943, 261161, 9948996
8492695324031134, 8492695323738778, 8492695314022983, 292356, 10008151
8492695334002877, 8492695333738778, 8492695324054171, 264099, 9948706
8492695344033042, 8492695343738778, 8492695334026198, 294264, 10006844
8492695354006432, 8492695353738778, 8492695344056156, 267654, 9950276
8492695364034197, 8492695363738778, 8492695354030216, 295419, 10003981
8492695374010867, 8492695373738778, 8492695364058307, 272089, 9952560
8492695384042592, 8492695383738778, 8492695374035504, 303814, 10007088
8492695394011364, 8492695393738778, 8492695384067040, 272586, 9944324
8492695404039056, 8492695403738778, 8492695394035868, 300278, 10003188
8492695414014160, 8492695413738778, 8492695404063687, 275382, 9950473
8492695424047175, 8492695423738778, 8492695414040994, 308397, 10006181
8492695434012154, 8492695433738778, 8492695424071796, 273376, 9940358
8492695444044349, 8492695443738778, 8492695434037071, 305571, 10007278
8492695454013560, 8492695453738778, 8492695444084707, 274782, 9928853
8492695464042730, 8492695463738778, 8492695454038297, 303952, 10004433
8492695474016727, 8492695473738778, 8492695464067074, 277949, 9949653
8492695484044256, 8492695483738778, 8492695474041564, 305478, 10002692
8492695494017123, 8492695493738778, 8492695484068630, 278345, 9948493
8492695504047103, 8492695503738778, 8492695494041861, 308325, 10005242
8492695514013714, 8492695513738778, 8492695504071417, 274936, 9942297
8492695524047833, 8492695523738778, 8492695514038504, 309055, 10009329
8492695534016801, 8492695533738778, 8492695524072337, 278023, 9944464
8492695544048960, 8492695543738778, 8492695534041542, 310182, 10007418
8492695554017450, 8492695553738778, 8492695544073271, 278672, 9944179
8492695564050227, 8492695563738778, 8492695554042255, 311449, 10007972
8492695574015391, 8492695573738778, 8492695564074691, 276613, 9940700
8492695584047843, 8492695583738778, 8492695574040078, 309065, 10007765
8492695594017114, 8492695593738778, 8492695584072151, 278336, 9944963
8492695604047331, 8492695603738778, 8492695594041888, 308553, 10005443
8492695614018918, 8492695613738778, 8492695604071941, 280140, 9946977
8492695624060343, 8492695623738778, 8492695614043629, 321565, 10016714
8492695634019750, 8492695633738778, 8492695624085544, 280972, 9934206
8492695644058615, 8492695643738778, 8492695634044537, 319837, 10014078
8492695654019967, 8492695653738778, 8492695644083169, 281189, 9936798
8492695664049756, 8492695663738778, 8492695654044758, 310978, 10004998
8492695674020871, 8492695673738778, 8492695664074317, 282093, 9946554
8492695684047390, 8492695683738778, 8492695674045562, 308612, 10001828
8492695694021174, 8492695693738778, 8492695684071897, 282396, 9949277
8492695704059839, 8492695703738778, 8492695694045905, 321061, 10013934
8492695714020366, 8492695713738778, 8492695704084867, 281588, 9935499
8492695724053910, 8492695723738778, 8492695714045183, 315132, 10008727
8492695734027388, 8492695733738778, 8492695724078668, 288610, 9948720
8492695744051981, 8492695743738778, 8492695734051925, 313203, 10000056
8492695754024465, 8492695753738778, 8492695744076448, 285687, 9948017
8492695764050957, 8492695763738778, 8492695754049409, 312179, 10001548
8492695774023066, 8492695773738778, 8492695764075168, 284288, 9947898
8492695784052768, 8492695783738778, 8492695774047977, 313990, 10004791
8492695794023812, 8492695793738778, 8492695784077312, 285034, 9946500
8492695804053725, 8492695803738778, 8492695794048559, 314947, 10005166
8492695814024303, 8492695813738778, 8492695804078173, 285525, 9946130
8492695824051858, 8492695823738778, 8492695814049033, 313080, 10002825
8492695834023713, 8492695833738778, 8492695824076316, 284935, 9947397
8492695844055012, 8492695843738778, 8492695834048614, 316234, 10006398
8492695854026603, 8492695853738778, 8492695844079583, 287825, 9947020
8492695864054153, 8492695863738778, 8492695854051367, 315375, 10002786
8492695874025527, 8492695873738778, 8492695864078597, 286749, 9946930
8492695884058576, 8492695883738778, 8492695874050418, 319798, 10008158
8492695894026962, 8492695893738778, 8492695884083033, 288184, 9943929
8492695904056233, 8492695903738778, 8492695894051703, 317455, 10004530
8492695914027910, 8492695913738778, 8492695904080574, 289132, 9947336
8492695924056349, 8492695923738778, 8492695914052647, 317571, 10003702
8492695934027117, 8492695933738778, 8492695924080843, 288339, 9946274
8492695944061783, 8492695943738778, 8492695934051945, 323005, 10009838
8492695954028593, 8492695953738778, 8492695944086387, 289815, 9942206
8492695964060114, 8492695963738778, 8492695954053467, 321336, 10006647
8492695974031444, 8492695973738778, 8492695964084638, 292666, 9946806
8492695984057899, 8492695983738778, 8492695974056345, 319121, 10001554
8492695994030370, 8492695993738778, 8492695984082420, 291592, 9947950
8492696004057227, 8492696003738778, 8492695994055228, 318449, 10001999
8492696014029768, 8492696013738778, 8492696004081801, 290990, 9947967
8492696024071346, 8492696023738778, 8492696014054762, 332568, 10016584
8492696034051483, 8492696033738778, 8492696024108380, 312705, 9943103
8492696044103849, 8492696043738778, 8492696034080867, 365071, 10022982
8492696054049438, 8492696053738778, 8492696044137180, 310660, 9912258
8492696064080289, 8492696063738778, 8492696054080122, 341511, 10000167
8492696074033199, 8492696073738778, 8492696064108367, 294421, 9924832
8492696084065607, 8492696083738778, 8492696074059076, 326829, 10006531
8492696094031067, 8492696093738778, 8492696084090965, 292289, 9940102
8492696104074069, 8492696103738778, 8492696094055994, 335291, 10018075
8492696114031668, 8492696113738778, 8492696104099066, 292890, 9932602
8492696124071457, 8492696123738778, 8492696114056596, 332679, 10014861
8492696134032663, 8492696133738778, 8492696124096678, 293885, 9935985
8492696144074832, 8492696143738778, 8492696134057414, 336054, 10017418
8492696154033065, 8492696153738778, 8492696144100052, 294287, 9933013
8492696164063072, 8492696163738778, 8492696154057839, 324294, 10005233
8492696174035182, 8492696173738778, 8492696164087819, 296404, 9947363
8492696184063578, 8492696183738778, 8492696174059993, 324800, 10003585
8492696194038345, 8492696193738778, 8492696184088102, 299567, 9950243
8492696204065766, 8492696203738778, 8492696194063069, 326988, 10002697
8492696214035598, 8492696213738778, 8492696204090220, 296820, 9945378
8492696224068027, 8492696223738778, 8492696214060256, 329249, 10007771
8492696234039448, 8492696233738778, 8492696224092568, 300670, 9946880
8492696244065218, 8492696243738778, 8492696234064319, 326440, 10000899
8492696254036645, 8492696253738778, 8492696244089816, 297867, 9946829
8492696264068724, 8492696263738778, 8492696254061552, 329946, 10007172
8492696274037212, 8492696273738778, 8492696264093345, 298434, 9943867
8492696284067321, 8492696283738778, 8492696274062163, 328543, 10005158
8492696294038605, 8492696293738778, 8492696284091835, 299827, 9946770
8492696304143476, 8492696303738778, 8492696294063489, 404698, 10079987
8492696314039673, 8492696313738778, 8492696304177193, 300895, 9862480
8492696324087912, 8492696323738778, 8492696314064957, 349134, 10022955
8492696334037688, 8492696333738778, 8492696324117966, 298910, 9919722
8492696344085030, 8492696343738778, 8492696334062568, 346252, 10022462
8492696354035863, 8492696353738778, 8492696344114311, 297085, 9921552
8492696364080528, 8492696363738778, 8492696354060030, 341750, 10020498
8492696374035374, 8492696373738778, 8492696364109255, 296596, 9926119
8492696384071846, 8492696383738778, 8492696374059168, 333068, 10012678
8492696394034376, 8492696393738778, 8492696384094913, 295598, 9939463
8492696404063013, 8492696403738778, 8492696394057296, 324235, 10005717
8492696414034957, 8492696413738778, 8492696404086271, 296179, 9948686
8492696424064435, 8492696423738778, 8492696414058435, 325657, 10006000
8492696434037422, 8492696433738778, 8492696424088169, 298644, 9949253
8492696444069457, 8492696443738778, 8492696434061216, 330679, 10008241
8492696454042696, 8492696453738778, 8492696444093452, 303918, 9949244
8492696464070408, 8492696463738778, 8492696454067307, 331630, 10003101
8492696474042859, 8492696473738778, 8492696464094829, 304081, 9948030
8492696484073796, 8492696483738778, 8492696474067489, 335018, 10006307
8492696494049349, 8492696493738778, 8492696484098050, 310571, 9951299
8492696504073538, 8492696503738778, 8492696494073550, 334760, 9999988
8492696514045934, 8492696513738778, 8492696504098196, 307156, 9947738
8492696524073623, 8492696523738778, 8492696514070781, 334845, 10002842
8492696534046763, 8492696533738778, 8492696524098133, 307985, 9948630
8492696544076298, 8492696543738778, 8492696534071664, 337520, 10004634
8492696554044854, 8492696553738778, 8492696544100918, 306076, 9943936
8492696564076312, 8492696563738778, 8492696554069589, 337534, 10006723
8492696574046612, 8492696573738778, 8492696564100959, 307834, 9945653
8492696584062064, 8492696583738778, 8492696574071523, 323286, 9990541
8492696594048159, 8492696593738778, 8492696584084152, 309381, 9964007
8492696604078425, 8492696603738778, 8492696594072730, 339647, 10005695
8492696614047005, 8492696613738778, 8492696604120163, 308227, 9926842
8492696624081654, 8492696623738778, 8492696614071793, 342876, 10009861
8492696634048049, 8492696633738778, 8492696624106585, 309271, 9941464
8492696644076571, 8492696643738778, 8492696634073017, 337793, 10003554
8492696654049215, 8492696653738778, 8492696644101272, 310437, 9947943
8492696664079672, 8492696663738778, 8492696654073976, 340894, 10005696
8492696674049123, 8492696673738778, 8492696664104233, 310345, 9944890
8492696684077175, 8492696683738778, 8492696674073870, 338397, 10003305
8492696694051413, 8492696693738778, 8492696684101822, 312635, 9949591
8492696704077222, 8492696703738778, 8492696694076341, 338444, 10000881
8492696714051610, 8492696713738778, 8492696704101880, 312832, 9949730
8492696724081276, 8492696723738778, 8492696714076397, 342498, 10004879
8492696734051143, 8492696733738778, 8492696724106011, 312365, 9945132
8492696744078199, 8492696743738778, 8492696734075927, 339421, 10002272
8492696754053219, 8492696753738778, 8492696744102830, 314441, 9950389
8492696764093960, 8492696763738778, 8492696754077964, 355182, 10015996
8492696774051604, 8492696773738778, 8492696764118598, 312826, 9933006
8492696784080352, 8492696783738778, 8492696774076571, 341574, 10003781
8492696794056241, 8492696793738778, 8492696784105080, 317463, 9951161
8492696804080953, 8492696803738778, 8492696794080985, 342175, 9999968
8492696814022469, 8492696813738778, 8492696804105581, 283691, 9916888
8492696824081813, 8492696823738778, 8492696814046797, 343035, 10035016
8492696834053102, 8492696833738778, 8492696824106490, 314324, 9946612
8492696844093787, 8492696843738778, 8492696834078009, 355009, 10015778
8492696854055550, 8492696853738778, 8492696844118964, 316772, 9936586
8492696864084348, 8492696863738778, 8492696854080354, 345570, 10003994
8492696874053991, 8492696873738778, 8492696864109295, 315213, 9944696
8492696884084460, 8492696883738778, 8492696874078852, 345682, 10005608
8492696894056763, 8492696893738778, 8492696884109228, 317985, 9947535
8492696904084094, 8492696903738778, 8492696894081603, 345316, 10002491
8492696914056781, 8492696913738778, 8492696904108711, 318003, 9948070
8492696924084408, 8492696923738778, 8492696914081552, 345630, 10002856
8492696934060145, 8492696933738778, 8492696924109232, 321367, 9950913
8492696944083951, 8492696943738778, 8492696934089983, 345173, 9993968
8492696954058733, 8492696953738778, 8492696944111175, 319955, 9947558
8492696964087862, 8492696963738778, 8492696954083387, 349084, 10004475
8492696974058035, 8492696973738778, 8492696964112620, 319257, 9945415
8492696984087404, 8492696983738778, 8492696974082713, 348626, 10004691
8492696994059716, 8492696993738778, 8492696984112175, 320938, 9947541
8492697004086348, 8492697003738778, 8492696994084513, 347570, 10001835
8492697014060132, 8492697013738778, 8492697004111179, 321354, 9948953
8492697024088486, 8492697023738778, 8492697014084846, 349708, 10003640
8492697034060593, 8492697033738778, 8492697024113750, 321815, 9946843
8492697044105778, 8492697043738778, 8492697034086117, 367000, 10019661
8492697054097822, 8492697053738778, 8492697044134572, 359044, 9963250
8492697064108700, 8492697063738778, 8492697054128093, 369922, 9980607
8492697074059749, 8492697073738778, 8492697064136124, 320971, 9923625
8492697084096711, 8492697083738778, 8492697074084773, 357933, 10011938
8492697094062751, 8492697093738778, 8492697084121922, 323973, 9940829
8492697104071752, 8492697103738778, 8492697094088332, 332974, 9983420
8492697114059159, 8492697113738778, 8492697104096906, 320381, 9962253
8492697124089040, 8492697123738778, 8492697114084006, 350262, 10005034
8492697134059801, 8492697133738778, 8492697124113824, 321023, 9945977
8492697144089729, 8492697143738778, 8492697134084648, 350951, 10005081
8492697154063269, 8492697153738778, 8492697144114520, 324491, 9948749
8492697164091594, 8492697163738778, 8492697154087839, 352816, 10003755
8492697174065263, 8492697173738778, 8492697164116524, 326485, 9948739
8492697184091448, 8492697183738778, 8492697174090047, 352670, 10001401
8492697194064512, 8492697193738778, 8492697184130029, 325734, 9934483
8492697204091440, 8492697203738778, 8492697194089226, 352662, 10002214
8492697214068497, 8492697213738778, 8492697204116144, 329719, 9952353
8492697224095017, 8492697223738778, 8492697214093318, 356239, 10001699
8492697234069514, 8492697233738778, 8492697224119638, 330736, 9949876
8492697244093810, 8492697243738778, 8492697234094182, 355032, 9999628
8492697254066638, 8492697253738778, 8492697244118317, 327860, 9948321
8492697264091390, 8492697263738778, 8492697254091262, 352612, 10000128
8492697274067077, 8492697273738778, 8492697264115971, 328299, 9951106
8492697284096676, 8492697283738778, 8492697274091768, 357898, 10004908
8492697294065888, 8492697293738778, 8492697284121134, 327110, 9944754
8492697304093701, 8492697303738778, 8492697294090696, 354923, 10003005
8492697314067849, 8492697313738778, 8492697304118368, 329071, 9949481
8492697324097311, 8492697323738778, 8492697314092500, 358533, 10004811
8492697334067919, 8492697333738778, 8492697324121769, 329141, 9946150
8492697344095690, 8492697343738778, 8492697334092479, 356912, 10003211
8492697354068773, 8492697353738778, 8492697344120090, 329995, 9948683
8492697364103822, 8492697363738778, 8492697354093484, 365044, 10010338
8492697374070315, 8492697373738778, 8492697364128762, 331537, 9941553
8492697384099893, 8492697383738778, 8492697374095012, 361115, 10004881
8492697394083127, 8492697393738778, 8492697384124734, 344349, 9958393
8492697404126679, 8492697403738778, 8492697394111691, 387901, 10014988
8492697414068967, 8492697413738778, 8492697404156946, 330189, 9912021
8492697424113210, 8492697423738778, 8492697414094002, 374432, 10019208
8492697434067366, 8492697433738778, 8492697424142691, 328588, 9924675
8492697444114091, 8492697443738778, 8492697434091523, 375313, 10022568
8492697454066470, 8492697453738778, 8492697444142702, 327692, 9923768
8492697464106732, 8492697463738778, 8492697454090188, 367954, 10016544
8492697474065029, 8492697473738778, 8492697464129896, 326251, 9935133
8492697484092677, 8492697483738778, 8492697474087830, 353899, 10004847
8492697494069337, 8492697493738778, 8492697484115911, 330559, 9953426
8492697504098405, 8492697503738778, 8492697494092691, 359627, 10005714
8492697514069775, 8492697513738778, 8492697504121919, 330997, 9947856
8492697524097893, 8492697523738778, 8492697514093526, 359115, 10004367
8492697534071647, 8492697533738778, 8492697524122897, 332869, 9948750
8492697544078648, 8492697543738778, 8492697534096117, 339870, 9982531
8492697554072382, 8492697553738778, 8492697544103025, 333604, 9969357
8492697564106036, 8492697563738778, 8492697554096839, 367258, 10009197
8492697574072376, 8492697573738778, 8492697564130810, 333598, 9941566
8492697584107508, 8492697583738778, 8492697574096870, 368730, 10010638
8492697594077925, 8492697593738778, 8492697584132322, 339147, 9945603
8492697604104635, 8492697603738778, 8492697594102515, 365857, 10002120
8492697614077492, 8492697613738778, 8492697604129229, 338714, 9948263
8492697624106755, 8492697623738778, 8492697614101960, 367977, 10004795
8492697634076983, 8492697633738778, 8492697624130905, 338205, 9946078
8492697644167497, 8492697643738778, 8492697634101574, 428719, 10065923
8492697654079373, 8492697653738778, 8492697644198092, 340595, 9881281
8492697664109183, 8492697663738778, 8492697654104007, 370405, 10005176
8492697674079493, 8492697673738778, 8492697664134037, 340715, 9945456
8492697684106352, 8492697683738778, 8492697674104224, 367574, 10002128
8492697694081344, 8492697693738778, 8492697684130799, 342566, 9950545
8492697704105126, 8492697703738778, 8492697694106068, 366348, 9999058
8492697714083560, 8492697713738778, 8492697704129780, 344782, 9953780
8492697724151758, 8492697723738778, 8492697714108208, 412980, 10043550
8492697734080768, 8492697733738778, 8492697724176769, 341990, 9903999
8492697744108293, 8492697743738778, 8492697734105428, 369515, 10002865
8492697754081334, 8492697753738778, 8492697744132771, 342556, 9948563
8492697764081713, 8492697763738778, 8492697754105974, 342935, 9975739
8492697774080728, 8492697773738778, 8492697764120001, 341950, 9960727
8492697784083879, 8492697783738778, 8492697774105302, 345101, 9978577
8492697794084295, 8492697793738778, 8492697784108586, 345517, 9975709
8492697804109951, 8492697803738778, 8492697794108893, 371173, 10001058
8492697814082331, 8492697813738778, 8492697804134418, 343553, 9947913
8492697824085331, 8492697823738778, 8492697814106952, 346553, 9978379
8492697834083142, 8492697833738778, 8492697824109985, 344364, 9973157
8492697844084983, 8492697843738778, 8492697834107703, 346205, 9977280
8492697854086004, 8492697853738778, 8492697844109557, 347226, 9976447
8492697864087561, 8492697863738778, 8492697854110791, 348783, 9976770
8492697874082588, 8492697873738778, 8492697864112249, 343810, 9970339
8492697884084826, 8492697883738778, 8492697874107172, 346048, 9977654
8492697894084833, 8492697893738778, 8492697884109490, 346055, 9975343
8492697904084480, 8492697903738778, 8492697894109444, 345702, 9975036
8492697914086765, 8492697913738778, 8492697904109201, 347987, 9977564
8492697924086604, 8492697923738778, 8492697914111302, 347826, 9975302
8492697934085042, 8492697933738778, 8492697924111325, 346264, 9973717
8492697944086237, 8492697943738778, 8492697934109636, 347459, 9976601
8492697954088122, 8492697953738778, 8492697944111014, 349344, 9977108
8492697964089551, 8492697963738778, 8492697954112709, 350773, 9976842
8492697974087646, 8492697973738778, 8492697964114255, 348868, 9973391
8492697984088524, 8492697983738778, 8492697974112239, 349746, 9976285
8492697994089629, 8492697993738778, 8492697984113141, 350851, 9976488
8492698004087641, 8492698003738778, 8492697994114427, 348863, 9973214
8492698014090929, 8492698013738778, 8492698004112335, 352151, 9978594
8492698024103737, 8492698023738778, 8492698014115503, 364959, 9988234
8492698034089650, 8492698033738778, 8492698024128567, 350872, 9961083
8492698044100774, 8492698043738778, 8492698034114934, 361996, 9985840
8492698054118106, 8492698053738778, 8492698044128129, 379328, 9989977
8492698064113563, 8492698063738778, 8492698054150127, 374785, 9963436
8492698074065316, 8492698073738778, 8492698064140011, 326538, 9925305
8492698084092197, 8492698083738778, 8492698074090516, 353419, 10001681
8492698094093005, 8492698093738778, 8492698084116944, 354227, 9976061
8492698104101276, 8492698103738778, 8492698094118639, 362498, 9982637
8492698114092946, 8492698113738778, 8492698104126657, 354168, 9966289
8492698124094180, 8492698123738778, 8492698114117697, 355402, 9976483
8492698134092334, 8492698133738778, 8492698124118881, 353556, 9973453
8492698144096449, 8492698143738778, 8492698134116895, 357671, 9979554
8492698154090652, 8492698153738778, 8492698144121459, 351874, 9969193
8492698164093033, 8492698163738778, 8492698154115263, 354255, 9977770
8492698174091774, 8492698173738778, 8492698164117807, 352996, 9973967
8492698184095838, 8492698183738778, 8492698174116384, 357060, 9979454
8492698194092552, 8492698193738778, 8492698184120749, 353774, 9971803
8492698204095646, 8492698203738778, 8492698194117250, 356868, 9978396
8492698214093807, 8492698213738778, 8492698204120417, 355029, 9973390
8492698224095190, 8492698223738778, 8492698214118548, 356412, 9976642
8492698234093961, 8492698233738778, 8492698224119977, 355183, 9973984
8492698244096253, 8492698243738778, 8492698234118455, 357475, 9977798
8492698254095185, 8492698253738778, 8492698244121200, 356407, 9973985
8492698264096910, 8492698263738778, 8492698254119829, 358132, 9977081
8492698274099368, 8492698273738778, 8492698264121591, 360590, 9977777
8492698284096779, 8492698283738778, 8492698274124142, 358001, 9972637
8492698294098266, 8492698293738778, 8492698284121440, 359488, 9976826
8492698304098717, 8492698303738778, 8492698294123020, 359939, 9975697
8492698314101108, 8492698313738778, 8492698304123524, 362330, 9977584
8492698324096751, 8492698323738778, 8492698314125836, 357973, 9970915
8492698334097579, 8492698333738778, 8492698324121388, 358801, 9976191
8492698344098540, 8492698343738778, 8492698334122273, 359762, 9976267
8492698354099267, 8492698353738778, 8492698344123354, 360489, 9975913
8492698364105945, 8492698363738778, 8492698354139539, 367167, 9966406
8492698374097318, 8492698373738778, 8492698364130796, 358540, 9966522
8492698384098826, 8492698383738778, 8492698374122023, 360048, 9976803
8492698394102589, 8492698393738778, 8492698384123647, 363811, 9978942
8492698404109447, 8492698403738778, 8492698394127183, 370669, 9982264
8492698414098751, 8492698413738778, 8492698404134521, 359973, 9964230
8492698424102126, 8492698423738778, 8492698414123319, 363348, 9978807
8492698434101150, 8492698433738778, 8492698424126823, 362372, 9974327
8492698444101407, 8492698443738778, 8492698434125968, 362629, 9975439
8492698454100531, 8492698453738778, 8492698444126154, 361753, 9974377
8492698464102749, 8492698463738778, 8492698454125039, 363971, 9977710
8492698474114386, 8492698473738778, 8492698464127463, 375608, 9986923
8492698484105647, 8492698483738778, 8492698474142831, 366869, 9962816
8492698494103044, 8492698493738778, 8492698484130434, 364266, 9972610
8492698504101655, 8492698503738778, 8492698494127538, 362877, 9974117
8492698514103566, 8492698513738778, 8492698504126039, 364788, 9977527
8492698524100170, 8492698523738778, 8492698514127653, 361392, 9972517
8492698534099894, 8492698533738778, 8492698524123770, 361116, 9976124
8492698544098284, 8492698543738778, 8492698534123318, 359506, 9974966
8492698554096308, 8492698553738778, 8492698544121408, 357530, 9974900
8492698564143948, 8492698563738778, 8492698554119135, 405170, 10024813
8492698574100943, 8492698573738778, 8492698564169885, 362165, 9931058
8492698584083419, 8492698583738778, 8492698574124104, 344641, 9959315
8492698594103068, 8492698593738778, 8492698584106890, 364290, 9996178
8492698604101866, 8492698603738778, 8492698594126739, 363088, 9975127
8492698614106185, 8492698613738778, 8492698604125933, 367407, 9980252
8492698624107930, 8492698623738778, 8492698614130626, 369152, 9977304
8492698634103931, 8492698633738778, 8492698624132521, 365153, 9971410
8492698644107808, 8492698643738778, 8492698634128592, 369030, 9979216
8492698654107516, 8492698653738778, 8492698644132439, 368738, 9975077
8492698664107416, 8492698663738778, 8492698654132030, 368638, 9975386
8492698674109027, 8492698673738778, 8492698664132033, 370249, 9976994
8492698684109452, 8492698683738778, 8492698674133655, 370674, 9975797
8492698694108301, 8492698693738778, 8492698684134016, 369523, 9974285
8492698704108009, 8492698703738778, 8492698694132722, 369231, 9975287
8492698714111464, 8492698713738778, 8492698704132347, 372686, 9979117
8492698724111827, 8492698723738778, 8492698714135911, 373049, 9975916
8492698734113321, 8492698733738778, 8492698724136461, 374543, 9976860
8492698744109593, 8492698743738778, 8492698734137782, 370815, 9971811
8492698754109613, 8492698753738778, 8492698744134093, 370835, 9975520
8492698764109774, 8492698763738778, 8492698754134080, 370996, 9975694
8492698774111319, 8492698773738778, 8492698764134285, 372541, 9977034
8492698784110695, 8492698783738778, 8492698774135659, 371917, 9975036
8492698794112786, 8492698793738778, 8492698784135126, 374008, 9977660
8492698804109401, 8492698803738778, 8492698794137380, 370623, 9972021
8492698814111357, 8492698813738778, 8492698804133858, 372579, 9977499
8492698824114842, 8492698823738778, 8492698814135878, 376064, 9978964
8492698834113710, 8492698833738778, 8492698824139396, 374932, 9974314
8492698844113172, 8492698843738778, 8492698834138187, 374394, 9974985
8492698854117304, 8492698853738778, 8492698844137753, 378526, 9979551
8492698864114189, 8492698863738778, 8492698854141875, 375411, 9972314
8492698874113025, 8492698873738778, 8492698864138713, 374247, 9974312
8492698884114186, 8492698883738778, 8492698874137546, 375408, 9976640
8492698894110051, 8492698893738778, 8492698884138734, 371273, 9971317
8492698904093483, 8492698903738778, 8492698894134678, 354705, 9958805
8492698914115315, 8492698913738778, 8492698904118294, 376537, 9997021
8492698924117346, 8492698923738778, 8492698914139833, 378568, 9977513
8492698934120049, 8492698933738778, 8492698924141694, 381271, 9978355
8492698944116337, 8492698943738778, 8492698934159304, 377559, 9957033
8492698954116198, 8492698953738778, 8492698944140781, 377420, 9975417
8492698964115761, 8492698963738778, 8492698954140722, 376983, 9975039
8492698974119679, 8492698973738778, 8492698964140255, 380901, 9979424
8492698984119104, 8492698983738778, 8492698974144080, 380326, 9975024
8492698994119240, 8492698993738778, 8492698984143438, 380462, 9975802
8492699004097574, 8492699003738778, 8492698994143704, 358796, 9953870
8492699014118626, 8492699013738778, 8492699004122465, 379848, 9996161
8492699024120192, 8492699023738778, 8492699014143177, 381414, 9977015
8492699034118273, 8492699033738778, 8492699024144683, 379495, 9973590
8492699044152639, 8492699043738778, 8492699034143261, 413861, 10009378
8492699054149500, 8492699053738778, 8492699044181773, 410722, 9967727
8492699064155814, 8492699063738778, 8492699054180914, 417036, 9974900
8492699074127647, 8492699073738778, 8492699064186785, 388869, 9940862
8492699084154016, 8492699083738778, 8492699074155301, 415238, 9998715
8492699094121098, 8492699093738778, 8492699084179156, 382320, 9941942
8492699104085601, 8492699103738778, 8492699094145486, 346823, 9940115
8492699114122987, 8492699113738778, 8492699104110775, 384209, 10012212
8492699124130871, 8492699123738778, 8492699114147511, 392093, 9983360
8492699134120971, 8492699133738778, 8492699124155322, 382193, 9965649
8492699144131795, 8492699143738778, 8492699134145435, 393017, 9986360
8492699154122289, 8492699153738778, 8492699144156403, 383511, 9965886
8492699164134534, 8492699163738778, 8492699154146860, 395756, 9987674
8492699174121884, 8492699173738778, 8492699164159105, 383106, 9962779
8492699184125802, 8492699183738778, 8492699174146258, 387024, 9979544
8492699194123496, 8492699193738778, 8492699184150619, 384718, 9972877
8492699204136219, 8492699203738778, 8492699194147897, 397441, 9988322
8492699214123790, 8492699213738778, 8492699204167973, 385012, 9955817
8492699224126435, 8492699223738778, 8492699214148524, 387657, 9977911
8492699234124236, 8492699233738778, 8492699224151072, 385458, 9973164
8492699244126682, 8492699243738778, 8492699234148853, 387904, 9977829
8492699254124263, 8492699253738778, 8492699244151263, 385485, 9973000
8492699264126128, 8492699263738778, 8492699254148631, 387350, 9977497
8492699274125204, 8492699273738778, 8492699264150645, 386426, 9974559
8492699284127252, 8492699283738778, 8492699274149745, 388474, 9977507
8492699294125440, 8492699293738778, 8492699284151806, 386662, 9973634
8492699304127766, 8492699303738778, 8492699294150021, 388988, 9977745
8492699314129937, 8492699313738778, 8492699304152364, 391159, 9977573
8492699324126745, 8492699323738778, 8492699314154662, 387967, 9972083
8492699334127869, 8492699333738778, 8492699324151249, 389091, 9976620
8492699344127614, 8492699343738778, 8492699334152213, 388836, 9975401
8492699354128924, 8492699353738778, 8492699344152131, 390146, 9976793
8492699364141552, 8492699363738778, 8492699354153474, 402774, 9988078
8492699374126702, 8492699373738778, 8492699364166039, 387924, 9960663
8492699384132617, 8492699383738778, 8492699374151299, 393839, 9981318
8492699394128317, 8492699393738778, 8492699384157134, 389539, 9971183
8492699404131333, 8492699403738778, 8492699394153021, 392555, 9978312
8492699414129035, 8492699413738778, 8492699404155914, 390257, 9973121
